    1          5       9       6       1       7       8       2       3       4 1
    2         17      21       9       5      19      14       7      10      12 1
    3          9      22      16       6      15      18      11       8      13 1
    4         21      28      22       9      25      23      15      14      20 1
    5         22      32      30      16      27      31      24      18      26 1
    6         28      37      32      22      33      34      27      23      29 1
    7         32      43      40      30      38      42      35      31      36 1
    8         37      45      43      32      41      44      38      34      39 1
    9         43      53      51      40      48      52      46      42      47 1
   10         45      55      53      43      50      54      48      44      49 1
   11         53      63      61      51      58      62      56      52      57 1
   12         55      65      63      53      60      64      58      54      59 1
   13         63      73      71      61      68      72      66      62      67 1
   14         65      75      73      63      70      74      68      64      69 1
   15         73      83      81      71      78      82      76      72      77 1
   16         75      85      83      73      80      84      78      74      79 1
   17         83      93      91      81      88      92      86      82      87 1
   18         85      95      93      83      90      94      88      84      89 1
   19         93     103     101      91      98     102      96      92      97 1
   20         95     105     103      93     100     104      98      94      99 1
   21        103     113     111     101     108     112     106     102     107 1
   22        105     115     113     103     110     114     108     104     109 1
   23        113     123     121     111     118     122     116     112     117 1
   24        115     125     123     113     120     124     118     114     119 1
   25        123     133     131     121     128     132     126     122     127 1
   26        125     135     133     123     130     134     128     124     129 1
   27        133     143     141     131     138     142     136     132     137 1
   28        135     145     143     133     140     144     138     134     139 1
   29        143     153     151     141     148     152     146     142     147 1
   30        145     155     153     143     150     154     148     144     149 1
   31        153     163     161     151     158     162     156     152     157 1
   32        155     165     163     153     160     164     158     154     159 1
   33        163     173     171     161     168     172     166     162     167 1
   34        165     175     173     163     170     174     168     164     169 1
   35        173     183     181     171     178     182     176     172     177 1
   36        175     185     183     173     180     184     178     174     179 1
   37        183     193     191     181     188     192     186     182     187 1
   38        185     195     193     183     190     194     188     184     189 1
   39        193     203     201     191     198     202     196     192     197 1
   40        195     205     203     193     200     204     198     194     199 1