    1          5       8       4       1       6       7       2       3 1
    2         14      17       8       5      16      11       6      10 1
    3          8      18      13       4      12      15       9       7 1
    4         17      23      18       8      21      19      12      11 1
    5         18      26      24      13      22      25      20      15 1
    6         23      30      26      18      27      28      22      19 1
    7         26      35      32      24      31      34      29      25 1
    8         30      37      35      26      33      36      31      28 1
    9         35      43      41      32      39      42      38      34 1
   10         37      45      43      35      40      44      39      36 1
   11         43      51      49      41      47      50      46      42 1
   12         45      53      51      43      48      52      47      44 1
   13         51      59      57      49      55      58      54      50 1
   14         53      61      59      51      56      60      55      52 1
   15         59      67      65      57      63      66      62      58 1
   16         61      69      67      59      64      68      63      60 1
   17         67      75      73      65      71      74      70      66 1
   18         69      77      75      67      72      76      71      68 1
   19         75      83      81      73      79      82      78      74 1
   20         77      85      83      75      80      84      79      76 1
   21         83      91      89      81      87      90      86      82 1
   22         85      93      91      83      88      92      87      84 1
   23         91      99      97      89      95      98      94      90 1
   24         93     101      99      91      96     100      95      92 1
   25         99     107     105      97     103     106     102      98 1
   26        101     109     107      99     104     108     103     100 1
   27        107     115     113     105     111     114     110     106 1
   28        109     117     115     107     112     116     111     108 1
   29        115     123     121     113     119     122     118     114 1
   30        117     125     123     115     120     124     119     116 1
   31        123     131     129     121     127     130     126     122 1
   32        125     133     131     123     128     132     127     124 1
   33        131     139     137     129     135     138     134     130 1
   34        133     141     139     131     136     140     135     132 1
   35        139     147     145     137     143     146     142     138 1
   36        141     149     147     139     144     148     143     140 1
   37        147     155     153     145     151     154     150     146 1
   38        149     157     155     147     152     156     151     148 1
   39        155     163     161     153     159     162     158     154 1
   40        157     165     163     155     160     164     159     156 1