    1          3       4       2       1 1
    2          6       7       4       3 1
    3          4       8       5       2 1
    4          7       9       8       4 1
    5          8      11      10       5 1
    6          9      12      11       8 1
    7         11      14      13      10 1
    8         12      15      14      11 1
    9         14      17      16      13 1
   10         15      18      17      14 1
   11         17      20      19      16 1
   12         18      21      20      17 1
   13         20      23      22      19 1
   14         21      24      23      20 1
   15         23      26      25      22 1
   16         24      27      26      23 1
   17         26      29      28      25 1
   18         27      30      29      26 1
   19         29      32      31      28 1
   20         30      33      32      29 1
   21         32      35      34      31 1
   22         33      36      35      32 1
   23         35      38      37      34 1
   24         36      39      38      35 1
   25         38      41      40      37 1
   26         39      42      41      38 1
   27         41      44      43      40 1
   28         42      45      44      41 1
   29         44      47      46      43 1
   30         45      48      47      44 1
   31         47      50      49      46 1
   32         48      51      50      47 1
   33         50      53      52      49 1
   34         51      54      53      50 1
   35         53      56      55      52 1
   36         54      57      56      53 1
   37         56      59      58      55 1
   38         57      60      59      56 1
   39         59      62      61      58 1
   40         60      63      62      59 1