    1              0              0              0
    2              0           0.25              0
    3           0.25              0              0
    4           0.25           0.25              0
    5            0.5              0              0
    6              0            0.5              0
    7            0.5           0.25              0
    8           0.25            0.5              0
    9            0.5            0.5              0
   10           0.75              0              0
   11              0           0.75              0
   12           0.75           0.25              0
   13           0.25           0.75              0
   14           0.75            0.5              0
   15            0.5           0.75              0
   16              0              1              0
   17              1              0              0
   18           0.25              1              0
   19              1           0.25              0
   20           0.75           0.75              0
   21              1            0.5              0
   22            0.5              1              0
   23           0.75              1              0
   24              0           1.25              0
   25              1           0.75              0
   26           0.25           1.25              0
   27            0.5           1.25              0
   28              1              1              0
   29           0.75           1.25              0
   30              0            1.5              0
   31           0.25            1.5              0
   32            0.5            1.5              0
   33              1           1.25              0
   34           0.75            1.5              0
   35              0           1.75              0
   36           0.25           1.75              0
   37              1            1.5              0
   38            0.5           1.75              0
   39           0.75           1.75              0
   40              0              2              0
   41              1           1.75              0
   42           0.25              2              0
   43            0.5              2              0
   44           0.75              2              0
   45              1              2              0
   46              0           2.25              0
   47           0.25           2.25              0
   48            0.5           2.25              0
   49           0.75           2.25              0
   50              1           2.25              0
   51              0            2.5              0
   52           0.25            2.5              0
   53            0.5            2.5              0
   54           0.75            2.5              0
   55              1            2.5              0
   56              0           2.75              0
   57           0.25           2.75              0
   58            0.5           2.75              0
   59           0.75           2.75              0
   60              1           2.75              0
   61              0              3              0
   62           0.25              3              0
   63            0.5              3              0
   64           0.75              3              0
   65              1              3              0
   66              0           3.25              0
   67           0.25           3.25              0
   68            0.5           3.25              0
   69           0.75           3.25              0
   70              1           3.25              0
   71              0            3.5              0
   72           0.25            3.5              0
   73            0.5            3.5              0
   74           0.75            3.5              0
   75              1            3.5              0
   76              0           3.75              0
   77           0.25           3.75              0
   78            0.5           3.75              0
   79           0.75           3.75              0
   80              1           3.75              0
   81              0              4              0
   82           0.25              4              0
   83            0.5              4              0
   84           0.75              4              0
   85              1              4              0
   86              0           4.25              0
   87           0.25           4.25              0
   88            0.5           4.25              0
   89           0.75           4.25              0
   90              1           4.25              0
   91              0            4.5              0
   92           0.25            4.5              0
   93            0.5            4.5              0
   94           0.75            4.5              0
   95              1            4.5              0
   96              0           4.75              0
   97           0.25           4.75              0
   98            0.5           4.75              0
   99           0.75           4.75              0
  100              1           4.75              0
  101              0              5              0
  102           0.25              5              0
  103            0.5              5              0
  104           0.75              5              0
  105              1              5              0
  106              0           5.25              0
  107           0.25           5.25              0
  108            0.5           5.25              0
  109           0.75           5.25              0
  110              1           5.25              0
  111              0            5.5              0
  112           0.25            5.5              0
  113            0.5            5.5              0
  114           0.75            5.5              0
  115              1            5.5              0
  116              0           5.75              0
  117           0.25           5.75              0
  118            0.5           5.75              0
  119           0.75           5.75              0
  120              1           5.75              0
  121              0              6              0
  122           0.25              6              0
  123            0.5              6              0
  124           0.75              6              0
  125              1              6              0
  126              0           6.25              0
  127           0.25           6.25              0
  128            0.5           6.25              0
  129           0.75           6.25              0
  130              1           6.25              0
  131              0            6.5              0
  132           0.25            6.5              0
  133            0.5            6.5              0
  134           0.75            6.5              0
  135              1            6.5              0
  136              0           6.75              0
  137           0.25           6.75              0
  138            0.5           6.75              0
  139           0.75           6.75              0
  140              1           6.75              0
  141              0              7              0
  142           0.25              7              0
  143            0.5              7              0
  144           0.75              7              0
  145              1              7              0
  146              0           7.25              0
  147           0.25           7.25              0
  148            0.5           7.25              0
  149           0.75           7.25              0
  150              1           7.25              0
  151              0            7.5              0
  152           0.25            7.5              0
  153            0.5            7.5              0
  154           0.75            7.5              0
  155              1            7.5              0
  156              0           7.75              0
  157           0.25           7.75              0
  158            0.5           7.75              0
  159           0.75           7.75              0
  160              1           7.75              0
  161              0              8              0
  162           0.25              8              0
  163            0.5              8              0
  164           0.75              8              0
  165              1              8              0
  166              0           8.25              0
  167           0.25           8.25              0
  168            0.5           8.25              0
  169           0.75           8.25              0
  170              1           8.25              0
  171              0            8.5              0
  172           0.25            8.5              0
  173            0.5            8.5              0
  174           0.75            8.5              0
  175              1            8.5              0
  176              0           8.75              0
  177           0.25           8.75              0
  178            0.5           8.75              0
  179           0.75           8.75              0
  180              1           8.75              0
  181              0              9              0
  182           0.25              9              0
  183            0.5              9              0
  184           0.75              9              0
  185              1              9              0
  186              0           9.25              0
  187           0.25           9.25              0
  188            0.5           9.25              0
  189           0.75           9.25              0
  190              1           9.25              0
  191              0            9.5              0
  192           0.25            9.5              0
  193            0.5            9.5              0
  194           0.75            9.5              0
  195              1            9.5              0
  196              0           9.75              0
  197           0.25           9.75              0
  198            0.5           9.75              0
  199           0.75           9.75              0
  200              1           9.75              0
  201              0             10              0
  202           0.25             10              0
  203            0.5             10              0
  204           0.75             10              0
  205              1             10              0